	/*	60
		[0 0 0 0 0 0 0 0 0 0 0 0 0 0 0 0 0 0 0 0 0 0 0 0 0 0 0 0 0 0 0 0 0 0 0 0 0 0 0 0 0 0 0 0 0 0 0 0 0 0 0 0 0 0 0 0 0 0 0 0]
		26
		[9 70 8 224 0 0 0 0 0 25 3 231 0 1 0 0 176 3 0 0 0 0 0 100 0 0]
	*/
	/*var ttt = []byte{0, 1, 0, 0, 0, 0, 0, 0, 0, 0, 0, 0, 0, 0, 0, 0, 0, 0, 0, 0, 0, 0, 0, 0, 0, 0, 0, 0, 0, 0, 0, 0, 0, 0, 0, 0, 0, 1, 0, 0, 0, 0, 0, 0, 0, 0, 0, 0, 0, 0, 0, 0, 0, 0, 0, 0, 0, 0, 0, 0, 0, 0, 0, 0, 0, 1, 0, 0, 0, 0, 0, 1, 0, 1, 0, 0, 1, 244, 0, 226, 0, 225, 0, 225, 1, 244, 0, 230, 0, 229, 0, 229, 0, 243, 0, 0, 5, 220, 0, 100, 4, 86, 1, 244, 0, 219, 0, 6, 0, 1, 0, 1, 0, 219, 0, 19, 0, 2, 0, 1, 0, 219, 0, 43, 0, 4, 0, 4, 0, 1, 0, 0, 0, 0, 0, 0, 0, 0, 0, 0, 0, 0, 0, 0, 0, 0, 0, 0, 0, 0, 0, 0, 0, 0, 0, 0, 0, 0, 0, 0, 0, 0, 0, 0, 0, 0, 0, 0, 0, 0, 0, 0}
	var ttt = []byte{}
	printResult(ttt)*/



	//	resultsMes := []byte{9, 70, 8, 224, 0, 0, 0, 0, 0, 25, 3, 231, 0, 1, 0, 0, 176, 3, 0, 0, 0, 0, 0, 100, 0, 0}
    	//		printResult(resultsMes)
    	//fmt.Println(len(resultsMes))
    //	fmt.Println(resultsMes)

    //	resultsErr := []byte{0, 0, 0, 1, 0, 0, 0, 0, 0, 0, 0, 0, 0, 0, 0, 0, 0, 0, 0, 0, 0, 0, 0, 0, 0, 0, 0, 0, 0, 0, 0, 0, 0, 0, 0, 0, 0, 0, 0, 0, 0, 0, 0, 0, 0, 0, 0, 0, 0, 0, 0, 0, 0, 0, 0, 0, 0, 0, 0, 1}
    	//fmt.Println(len(resultsErr))
    //	fmt.Println(resultsErr)

